class Military : Default
{
	zombieChance = 0.3;
	maxRoaming = 6;
	zombieClass[] =
	{
		"z_soldier",
		"z_soldier_heavy",
		"z_policeman",
		"z_new_worker2",
		"z_new_worker3",
		"z_new_worker4"
	};
	lootChance = 0.4;
	lootGroup = Military;
};

class MilitarySpecial : Military
{
	zombieChance = 0.8;
	minRoaming = 2;
	zombieClass[] =
	{
		"z_soldier_heavy",
		"z_new_worker2",
		"z_new_worker3",
		"z_new_worker4"
	};
	lootChance = 0.4;
	lootGroup = MilitarySpecial;
};

class Land_a_stationhouse : Military
{
	zedPos[] = {{-0.892578,-5.7168,-9.47058},{1.5127,1.96484,-9.47058},{18.9063,-4.06738,-9.47058},{-2.69922,-7.57422,-9.46057},{-1.35645,-8.3623,-4.6489},{-3.24219,-6.61914,-4.6489},{-1.70801,-7.85449,-0.0437927},{-3.39453,-7.88281,-0.0437927},{-1.37891,-5.79102,4.41141},{-1.39648,-7.79883,4.41141}};
	lootChance = 0.3;
	lootPos[] = {{-2.7,-7.57,-9.46},{-0.89,-5.72,-9.47},{-3.24,-6.62,-4.65},{-1.36,-8.36,-4.65},{-1.71,-7.85,-0.04},{-3.39,-7.88,-0.04},{-1.4,-7.8,4.41},{-1.38,-5.79,4.41},{1.51,1.96,-9.47},{18.91,-4.07,-9.47},{-14.4,3.29,-0.51},{1.33,0.89,-0.51},{-2.4,-6.64,8.49}};
};

class Land_Mil_ControlTower: Military
{
	zedPos[] = {{10.0703,3.76367,-9.62869},{1.75195,5.68164,-5.51373},{3.85254,3.53516,-5.50372},{6.66113,-0.625488,-1.0787},{6.72266,3.23389,-1.0787},{2.63965,-0.191406,-1.0687}};
	lootChance = 0.4;
	lootPos[] = {{10.0703,3.76367,-9.62869},{3.85254,3.53516,-5.50372},{1.75195,5.68164,-5.51373},{6.66113,-0.625488,-1.0787},{2.63965,-0.191406,-1.0687},{6.72266,3.23389,-1.0787}};
};

class Land_SS_hangar: Military
{
	maxRoaming = 3;
	zedPos[] = {{-11.7158,-18.9541,-5.87253},{11.7344,-17.165,-5.87253},{-14.2461,23.0439,-5.87253}};
	lootChance = 0.4;
	lootPos[] = {{11.73,-17.17,-5.87},{-11.72,-18.95,-5.87},{-14.25,23.04,-5.87},{8.38,-5.33,-5.87},{-6,5.89,-5.87},{10.18,19.62,-5.87},{-6.43,-7.66,-5.87}};
	lootGroup = Hangar;
};

class Land_A_TVTower_Base: Military
{
	zedPos[] = {{-0.95166,1.48047,-2.31586},{-2.01782,-4.24121,-2.30939},{-0.982422,-1.92383,-2.25586}};
	lootPos[] = {{-0.982422,-1.92383,-2.25586},{-2.01782,-4.24121,-2.30939},{-0.95166,1.48047,-2.31586}};
};

class Land_Mil_House: Military
{
	zedPos[] = {{11.1638,4.70117,-5.67465},{12.4565,1.42383,-5.67465},{13.6672,4.42383,-5.67465}};
	lootPos[] = {{12.4565,1.42383,-5.67465},{11.1638,4.70117,-5.67465},{13.6672,4.42383,-5.67465}};
};

class Land_Mil_Barracks_i: MilitarySpecial
{
	zedPos[] = {{-1.95361,2.57813,-1.1084},{5.46289,2.5791,-1.1084},{1.29346,-2.16211,-1.09839},{-1.78369,-0.166992,-1.09839},{-5.39355,-2.11719,-1.09839},{-5.4707,2.58203,-1.09839},{-1.80664,-1.97559,-1.09827},{5.38965,-1.75781,-1.09827},{-9.1499,-2.55859,-1.09827},{1.4668,-0.129883,-1.09814},{-4.77881,0.0498047,-1.09814},{-8.32617,-0.144531,-1.09814}};
	lootChance = 0.3;
	lootPos[] = {{-0.39,-2.02,-1.1},{-5.67,1.68,-1.1},{-1.95,2.58,-1.11},{5.46,2.58,-1.11},{6.37,-1.22,-0.93},{-0.24,-1.04,0.1},{-3.53,-0.38,-1.1},{-5.39,-2.23,-1.1},{-6.78,-1.34,-0.7},{-9.07,-0.53,-1.1},{2.97,-0.92,-1.1},{1.11,-2.35,-1.1}};
};

class Land_Mil_Barracks: Military
{
};

class Camp: Military {
	maxRoaming = 1;
	zedPos[] = {{0.833496,-1.52246,-1.09949},{0.385742,0.963867,-1.08948}};
	lootPos[] = {{0.833496,-1.52246,-1.09949},{0.385742,0.963867,-1.08948}};
};

class CampEast: Military {
	maxRoaming = 1;
	zedPos[] = {{0.627441,1.83594,-1.31049},{-1.05713,-1.80762,-1.31049}};
	lootPos[] = {{-1.05713,-1.80762,-1.31049},{0.627441,1.83594,-1.31049}};
};

class CampEast_EP1: Military {
	maxRoaming = 1;
	zedPos[] = {{-0.670898,0.955078,-1.31049},{1.68408,-2.43359,-1.31049},{-1.76318,-1.625,-1.31049}};
	lootPos[] = {{-0.670898,0.955078,-1.31049},{1.68408,-2.43359,-1.31049},{-1.76318,-1.625,-1.31049}};
};

class Land_tent_east: Military {
	minRoaming = 2;
	maxRoaming = 3;
	zedPos[] = {{-1.82,1.71,-1.74},{2.06,-0.97,-1.74}};
	lootChance = 0.3;
	lootPos[] = {{2.06,-0.97,-1.74},{-1.82,1.71,-1.74}};
};

class Land_Dam_ConcP_20: Military {
	zedPos[] = {{-0.94,10.26,9.09},{2.47,9.87,9.09}};
	lootChance = 0.4;
	lootPos[] = {{-0.94,10.26,9.09},{2.47,9.87,9.09},{-0.94,10.26,9.09},{2.47,9.87,9.09},{-6.51,4.46,2.21},{1.47,6.06,2.21},{4.89,2.99,2.19},{7.92,6.13,2.21}};
};

class C130J_wreck_EP1: Military {
	zedPos[] = {{0.37,0.61,-5.44},{-0.84,2.92,-5.44},{-2.16,-6.32,-5.42},{1.26,-20.49,-5.39},{1.88,-3.67,-5.36},{-0.2,-12.76,-4.78},{-0.36,-7.87,-4.6},{-1.32,-14.56,-4.59}};
	lootPos[] = {{-0.36,-7.87,-4.6},{-0.2,-12.76,-4.78},{-1.32,-14.56,-4.59},{-2.16,-6.32,-5.42},{-0.84,2.92,-5.44},{0.37,0.61,-5.44},{1.88,-3.67,-5.36},{1.26,-20.49,-5.39}};
};

class Barrack2: Military {
	lootPos[]={{1.33,-0.65,-0.27},{1.14,5.21,-0.27},{-2.09,0.71,0.05},{1.13,3.25,0.52}};
};

class Mi8Wreck: Military {
	lootPos[]={{0,-5.79,-1.71}};
};

class USMC_WarfareBVehicleServicePoint: Military {
	lootPos[] = {{1.57,-3.96,-0.09},{-1.49,2.23,-1.41}};
};

class Land_Vysilac_FM: Military {
	zedPos[] = {{-0.36,1.96,-6.21},{-1.72,4.5,-6.21},{-3.25,0.75,-6.21}};
	lootPos[] = {{-0.36,1.96,-6.21},{-1.72,4.5,-6.21},{-3.25,0.75,-6.21},{1.35,-0.6,8.39}};
	lootChance = 0.4;
};

class Land_Mil_Barracks_L: Military {
	zedPos[] = {{4,-5.22,-2.21},{7.3,-4.04,-2.21},{-0.82,-4.72,-2.2}};
	lootPos[] = {{-0.82,-4.72,-2.2},{4,-5.22,-2.21},{7.3,-4.04,-2.21}};
};